1 
1 0 1828.115818  0 1 1828.226376  0 0 1
2 
-0.743145 0.669131 2219.202637  -0.669131 -0.743145 2365.551474  0 0 1
3 
-0.669131 0.743145 2413.126766  -0.743145 -0.669131 2341.309783  0 0 1
4 
-0.469472 -0.882948 2947.934977  0.882948 -0.469472 1910.761857  0 0 1
5 
-0.990268 -0.139173 3099.657112  0.139173 -0.990268 2201.991166  0 0 1
6 
0.559193 0.829038 2849.965589  -0.829038 0.559193 2079.575473  0 0 1
7 
-0.997564 0.069756 2074.249894  -0.069756 -0.997564 2527.521050  0 0 1
8 
-0.469472 -0.882948 3157.613207  0.882948 -0.469472 2211.298372  0 0 1
9 
-0.906308 -0.422618 3410.590232  0.422618 -0.906308 2458.165881  0 0 1
10 
0.743145 -0.669131 2650.323823  0.669131 0.743145 2050.213040  0 0 1
11 
-0.309017 0.951057 2067.603833  -0.951057 -0.309017 2591.279531  0 0 1
12 
0.156434 0.987688 2255.429821  -0.987688 0.156434 2510.083302  0 0 1
13 
0.857167 -0.515038 2803.827271  0.515038 0.857167 2336.314168  0 0 1
14 
-0.615661 0.788011 1916.527828  -0.788011 -0.615661 2886.372745  0 0 1
15 
-0.629320 -0.777146 2472.360711  0.777146 -0.629320 2614.705446  0 0 1
16 
-0.406737 0.913545 2298.022364  -0.913545 -0.406737 2853.978768  0 0 1
17 
0.974370 -0.224951 2500.243749  0.224951 0.974370 2412.343092  0 0 1
18 
0.529919 -0.848048 3170.085740  0.848048 0.529919 2350.558509  0 0 1
19 
-0.104528 0.994522 2917.524654  -0.994522 -0.104528 3176.930028  0 0 1
20 
0.453990 0.891007 2563.686425  -0.891007 0.453990 3041.723742  0 0 1
21 
0.719340 -0.694658 2572.501855  0.694658 0.719340 2619.656793  0 0 1
22 
-0.743145 -0.669131 2610.925710  0.669131 -0.743145 2878.344174  0 0 1
23 
0.190809 0.981627 1766.272574  -0.981627 0.190809 3084.763087  0 0 1
24 
-0.809017 -0.587785 2433.683675  0.587785 -0.809017 2958.255613  0 0 1
25 
-0.743145 -0.669131 2682.338246  0.669131 -0.743145 3240.060296  0 0 1
26 
0.945519 -0.325568 2440.551464  0.325568 0.945519 2958.052933  0 0 1
27 
-0.848048 -0.529919 2501.812090  0.529919 -0.848048 3328.347696  0 0 1
28 
-0.798636 0.601815 1947.824205  -0.601815 -0.798636 3489.447376  0 0 1
29 
-0.309017 -0.951057 3033.510125  0.951057 -0.309017 3122.121312  0 0 1
30 
0.069756 0.997564 2894.198299  -0.997564 0.069756 3390.223196  0 0 1
31 
-0.707107 -0.707107 3152.861792  0.707107 -0.707107 3543.492395  0 0 1
32 
0.906308 0.422618 2810.419326  -0.422618 0.906308 3393.200099  0 0 1
33 
-0.913545 0.406737 1969.025222  -0.406737 -0.913545 3771.075399  0 0 1
34 
-0.998630 -0.052336 2728.171159  0.052336 -0.998630 3712.826279  0 0 1
35 
-0.970296 -0.241922 2426.372183  0.241922 -0.970296 3700.232286  0 0 1
36 
-0.406737 -0.913545 2605.919463  0.913545 -0.406737 3431.823960  0 0 1
