0	0
1.00000000 0.00000000 0.00000000
0.00000000 1.00000000 0.00000000
0.00000000 0.00000000 1.00000000
1	1
-0.74641400 0.66548200 393.35700000
-0.66548200 -0.74641400 536.48300000
0.00000000 0.00000000 1.00000000
2	2
-0.67545991 0.73739698 588.51365743
-0.73739698 -0.67545991 510.65714474
0.00000000 0.00000000 1.00000000
3	3
-0.46117799 -0.88730819 1119.40814706
0.88730819 -0.46117799 74.89141782
0.00000000 0.00000000 1.00000000
4	4
-0.98932397 -0.14573868 1272.74190174
0.14573868 -0.98932397 365.56870073
0.00000000 0.00000000 1.00000000
5	5
0.55597811 0.83119765 1021.48793253
-0.83119765 0.55597811 244.30929206
0.00000000 0.00000000 1.00000000
8	8
-0.90785846 -0.41927764 1581.32302296
0.41927764 -0.90785846 622.52237851
0.00000000 0.00000000 1.00000000
7	7
-0.47314405 -0.88098526 1329.62015833
0.88098526 -0.47314405 375.26450049
0.00000000 0.00000000 1.00000000
9	9
0.74384751 -0.66834955 821.89542280
0.66834955 0.74384751 212.40467070
0.00000000 0.00000000 1.00000000
11	11
0.15497218 0.98791837 428.09196199
-0.98791837 0.15497218 673.03373347
0.00000000 0.00000000 1.00000000
10	10
-0.30890826 0.95109172 239.86126781
-0.95109172 -0.30890826 753.87747355
0.00000000 0.00000000 1.00000000
6	6
-0.99732616 0.07308110 246.19700188
-0.07308110 -0.99732616 690.13373490
0.00000000 0.00000000 1.00000000
13	13
-0.61176384 0.79104073 86.63959374
-0.79104073 -0.61176384 1048.02015254
0.00000000 0.00000000 1.00000000
14	14
-0.63261374 -0.77446747 643.66748617
0.77446747 -0.63261374 778.82229803
0.00000000 0.00000000 1.00000000
15	15
-0.40464508 0.91447358 468.89917652
-0.91447358 -0.40464508 1017.13465289
0.00000000 0.00000000 1.00000000
21	21
-0.73482980 -0.67825155 783.22400548
0.67825155 -0.73482980 1038.13792930
0.00000000 0.00000000 1.00000000
23	23
-0.80700585 -0.59054351 607.15334843
0.59054351 -0.80700585 1121.49790728
0.00000000 0.00000000 1.00000000
26	26
-0.84337820 -0.53732017 678.52029667
0.53732017 -0.84337820 1489.88153075
0.00000000 0.00000000 1.00000000
24	24
-0.73314895 -0.68006828 857.61720596
0.68006828 -0.73314895 1397.49619353
0.00000000 0.00000000 1.00000000
25	25
0.95148953 -0.30768150 609.97574193
0.30768150 0.95148953 1118.95117394
0.00000000 0.00000000 1.00000000
35	35
-0.38899413 -0.92124072 784.04648916
0.92124072 -0.38899413 1589.54125204
0.00000000 0.00000000 1.00000000
33	33
-0.99720061 -0.07476821 911.32080658
0.07476821 -0.99720061 1866.98666914
0.00000000 0.00000000 1.00000000
34	34
-0.96566525 -0.25979149 609.65780798
0.25979149 -0.96566525 1861.60231312
0.00000000 0.00000000 1.00000000
32	32
-0.92046599 0.39082452 153.31414391
-0.39082452 -0.92046599 1941.30115252
0.00000000 0.00000000 1.00000000
27	27
-0.81360638 0.58141697 128.12681296
-0.58141697 -0.81360638 1660.67704660
0.00000000 0.00000000 1.00000000
22	22
0.17682087 0.98424313 -63.73701523
-0.98424313 0.17682087 1258.74831983
0.00000000 0.00000000 1.00000000
16	16
0.97419422 -0.22571313 672.42217182
0.22571313 0.97419422 573.70413872
0.00000000 0.00000000 1.00000000
12	12
0.85698173 -0.51534704 975.03953519
0.51534704 0.85698173 497.67673831
0.00000000 0.00000000 1.00000000
17	17
0.52616884 -0.85038064 1341.61146803
0.85038064 0.52616884 512.87743163
0.00000000 0.00000000 1.00000000
18	18
-0.09639847 0.99534359 1083.24059886
-0.99534359 -0.09639847 1336.87337183
0.00000000 0.00000000 1.00000000
19	19
0.45870509 0.88858938 731.16419085
-0.88858938 0.45870509 1199.88486477
0.00000000 0.00000000 1.00000000
29	29
0.07249696 0.99736926 1059.59687741
-0.99736926 0.07249696 1550.69254069
0.00000000 0.00000000 1.00000000
28	28
-0.31498591 -0.94909758 1200.31411325
0.94909758 -0.31498591 1283.25876298
0.00000000 0.00000000 1.00000000
30	30
-0.71148670 -0.70270203 1317.25500350
0.70270203 -0.71148670 1705.21177710
0.00000000 0.00000000 1.00000000
31	31
0.90634182 0.42254911 975.20769242
-0.42254911 0.90634182 1553.89922697
0.00000000 0.00000000 1.00000000
20	20
0.71899863 -0.69501217 743.56258147
0.69501217 0.71899863 780.26507656
0.00000000 0.00000000 1.00000000
